# unix_time, cycles_done, cur_path, paths_total, pending_total, pending_favs, map_size, unique_crashes, unique_hangs, max_depth, execs_per_sec
1672040686, 0, 156, 3622, 3622, 473, 13.10%, 0, 0, 3, 32.84
1672040691, 0, 164, 3622, 3622, 473, 13.10%, 0, 0, 3, 37.25
1672043424, 0, 164, 3632, 3631, 472, 13.10%, 0, 0, 3, 21.90
1672043429, 0, 164, 3642, 3641, 472, 13.10%, 0, 0, 3, 19.87
1672043435, 0, 164, 3654, 3653, 472, 13.10%, 0, 0, 3, 20.80
1672043440, 0, 164, 3664, 3663, 472, 13.10%, 0, 0, 3, 18.49
1672043445, 0, 164, 3674, 3673, 472, 13.13%, 0, 0, 3, 17.32
1672043450, 0, 164, 3687, 3686, 472, 13.13%, 0, 0, 3, 21.13
1672043455, 0, 164, 3699, 3698, 472, 13.14%, 0, 0, 3, 21.42
1672043460, 0, 164, 3712, 3711, 472, 13.14%, 0, 0, 3, 24.19
1672043465, 0, 164, 3724, 3723, 472, 13.14%, 0, 0, 3, 21.00
1672043471, 0, 164, 3732, 3731, 472, 13.15%, 0, 0, 3, 15.13
1672043476, 0, 164, 3736, 3735, 472, 13.15%, 0, 0, 3, 10.88
1672043481, 0, 164, 3744, 3743, 472, 13.15%, 0, 0, 3, 13.84
1672043486, 0, 164, 3752, 3751, 472, 13.15%, 0, 0, 3, 13.60
1672043491, 0, 164, 3762, 3761, 472, 13.16%, 0, 0, 3, 17.87
1672043496, 0, 164, 3774, 3773, 472, 13.16%, 0, 0, 3, 20.09
1672043501, 0, 164, 3783, 3782, 472, 13.16%, 0, 0, 3, 16.64
1672043506, 0, 164, 3792, 3791, 472, 13.16%, 0, 0, 3, 21.00
1672043511, 0, 164, 3801, 3800, 472, 13.16%, 0, 0, 3, 19.24
1672043516, 0, 164, 3807, 3806, 472, 13.16%, 0, 0, 3, 17.87
1672043522, 0, 164, 3820, 3819, 472, 13.24%, 0, 0, 3, 21.97
1672043527, 0, 164, 3832, 3831, 472, 13.24%, 0, 0, 3, 22.14
1672043532, 0, 164, 3847, 3846, 472, 13.31%, 0, 0, 3, 25.80
1672043537, 0, 164, 3864, 3863, 472, 13.31%, 0, 0, 3, 27.59
1672043542, 0, 164, 3878, 3877, 472, 13.32%, 0, 0, 3, 26.20
1672043547, 0, 164, 3891, 3890, 472, 13.34%, 0, 0, 3, 23.78
1672043552, 0, 164, 3902, 3901, 472, 13.35%, 0, 0, 3, 20.76
1672043557, 0, 164, 3914, 3913, 472, 13.41%, 0, 0, 3, 21.49
1672043562, 0, 164, 3931, 3930, 472, 13.41%, 0, 0, 3, 28.32
1672043567, 0, 164, 3945, 3944, 472, 13.41%, 0, 0, 3, 26.78
1672043573, 0, 164, 3964, 3963, 472, 13.43%, 0, 0, 3, 31.21
1672043578, 0, 164, 3976, 3975, 472, 13.44%, 0, 0, 3, 23.30
1672043583, 0, 164, 3990, 3989, 472, 13.45%, 0, 0, 3, 23.32
1672043588, 0, 164, 4004, 4003, 472, 13.46%, 0, 0, 3, 24.44
1672043593, 0, 164, 4018, 4017, 472, 13.54%, 0, 0, 3, 25.12
1672043598, 0, 164, 4032, 4031, 472, 13.55%, 0, 0, 3, 24.68
1672043603, 0, 164, 4043, 4042, 472, 13.56%, 0, 0, 3, 22.19
1672043609, 0, 164, 4055, 4054, 472, 13.56%, 0, 0, 3, 20.32
1672043614, 0, 164, 4065, 4064, 472, 13.57%, 0, 0, 3, 19.76
1672043619, 0, 164, 4075, 4074, 472, 13.57%, 0, 0, 3, 18.85
1672043624, 0, 164, 4086, 4085, 472, 13.60%, 0, 0, 3, 19.08
1672043629, 0, 164, 4096, 4095, 472, 13.61%, 0, 0, 3, 18.19
1672043634, 0, 164, 4106, 4105, 472, 13.61%, 0, 0, 3, 18.63
1672043639, 0, 164, 4118, 4117, 472, 13.61%, 0, 0, 3, 20.03
1672043644, 0, 164, 4129, 4128, 472, 13.61%, 0, 0, 3, 21.13
1672043649, 0, 164, 4140, 4139, 472, 13.61%, 0, 0, 3, 19.97
1672043654, 0, 164, 4152, 4151, 472, 13.62%, 0, 0, 3, 21.31
1672043659, 0, 164, 4165, 4164, 472, 13.63%, 0, 0, 3, 21.75
1672043665, 0, 164, 4176, 4175, 472, 13.63%, 0, 0, 3, 20.10
1672043670, 0, 164, 4187, 4186, 472, 13.64%, 0, 0, 3, 20.82
1672043675, 0, 164, 4199, 4198, 472, 13.64%, 0, 0, 3, 21.25
1672043680, 0, 164, 4210, 4209, 472, 13.64%, 0, 0, 3, 20.35
1672043685, 0, 164, 4222, 4221, 472, 13.64%, 0, 0, 3, 19.67
1672043690, 0, 164, 4231, 4230, 472, 13.64%, 0, 0, 3, 18.72
1672043696, 0, 164, 4243, 4242, 472, 13.65%, 0, 0, 3, 20.41
1672043701, 0, 164, 4253, 4252, 472, 13.65%, 0, 0, 3, 18.54
1672043706, 0, 164, 4265, 4264, 472, 13.65%, 0, 0, 3, 21.46
1672043711, 0, 164, 4276, 4275, 472, 13.65%, 0, 0, 3, 19.65
1672043716, 0, 164, 4287, 4286, 472, 13.66%, 0, 0, 3, 19.35
1672043721, 0, 164, 4298, 4297, 472, 13.66%, 0, 0, 3, 18.56
1672043726, 0, 164, 4309, 4308, 472, 13.66%, 0, 0, 3, 19.15
1672043731, 0, 164, 4321, 4320, 472, 13.66%, 0, 0, 3, 21.15
1672043737, 0, 164, 4332, 4331, 472, 13.67%, 0, 0, 3, 20.48
1672043742, 0, 164, 4342, 4341, 472, 13.67%, 0, 0, 3, 18.66
1672043747, 0, 164, 4351, 4350, 472, 13.68%, 0, 0, 3, 17.26
1672043752, 0, 164, 4359, 4358, 472, 13.68%, 0, 0, 3, 21.56
1672043757, 0, 164, 4370, 4369, 472, 13.68%, 0, 0, 3, 19.75
1672043762, 0, 164, 4381, 4380, 472, 13.68%, 0, 0, 3, 19.57
1672043767, 0, 164, 4392, 4391, 472, 13.68%, 0, 0, 3, 20.44
1672043772, 0, 164, 4404, 4403, 472, 13.68%, 0, 0, 3, 20.68
1672043778, 0, 164, 4415, 4414, 472, 13.68%, 0, 0, 3, 20.76
1672043783, 0, 164, 4428, 4427, 472, 13.68%, 0, 0, 3, 20.94
1672043788, 0, 164, 4441, 4440, 472, 13.68%, 0, 0, 3, 22.39
1672043793, 0, 164, 4452, 4451, 472, 13.69%, 0, 0, 3, 21.67
1672043798, 0, 164, 4466, 4465, 472, 13.70%, 0, 0, 3, 23.50
1672043803, 0, 164, 4477, 4476, 472, 13.70%, 0, 0, 3, 19.72
1672043808, 0, 164, 4489, 4488, 472, 13.70%, 0, 0, 3, 21.15
1672043813, 0, 164, 4500, 4499, 472, 13.70%, 0, 0, 3, 20.20
1672043819, 0, 164, 4512, 4511, 472, 13.72%, 0, 0, 3, 21.40
1672043824, 0, 164, 4523, 4522, 472, 13.73%, 0, 0, 3, 21.26
1672043829, 0, 164, 4532, 4531, 472, 13.73%, 0, 0, 3, 18.63
1672043834, 0, 164, 4543, 4542, 472, 13.74%, 0, 0, 3, 20.24
1672043839, 0, 164, 4555, 4554, 472, 13.74%, 0, 0, 3, 20.98
1672043844, 0, 164, 4567, 4566, 472, 13.74%, 0, 0, 3, 21.06
1672043849, 0, 164, 4580, 4579, 472, 13.75%, 0, 0, 3, 22.80
1672043854, 0, 164, 4593, 4592, 472, 13.75%, 0, 0, 3, 23.10
1672043859, 0, 164, 4605, 4604, 472, 13.75%, 0, 0, 3, 22.15
1672043864, 0, 164, 4618, 4617, 472, 13.75%, 0, 0, 3, 22.65
1672043870, 0, 164, 4630, 4629, 472, 13.75%, 0, 0, 3, 20.14
1672043875, 0, 164, 4640, 4639, 472, 13.75%, 0, 0, 3, 19.18
1672043880, 0, 164, 4651, 4650, 472, 13.79%, 0, 0, 3, 21.28
1672043885, 0, 164, 4666, 4665, 472, 13.79%, 0, 0, 3, 24.59
1672043890, 0, 164, 4678, 4677, 472, 13.83%, 0, 0, 3, 22.26
1672043895, 0, 164, 4693, 4692, 472, 13.84%, 0, 0, 3, 25.18
1672043900, 0, 164, 4707, 4706, 472, 13.84%, 0, 0, 3, 24.56
1672043905, 0, 164, 4722, 4721, 472, 13.84%, 0, 0, 3, 25.99
1672043910, 0, 164, 4733, 4732, 472, 14.02%, 0, 0, 3, 20.16
1672043916, 0, 164, 4737, 4736, 472, 14.02%, 0, 0, 3, 12.27
1672043921, 0, 164, 4751, 4750, 472, 14.03%, 0, 0, 3, 21.58
1672043926, 0, 164, 4765, 4764, 472, 14.04%, 0, 0, 3, 24.99
1672043931, 0, 164, 4779, 4778, 472, 14.04%, 0, 0, 3, 25.47
1672043936, 0, 164, 4792, 4791, 472, 14.04%, 0, 0, 3, 22.81
1672043941, 0, 164, 4807, 4806, 472, 14.06%, 0, 0, 3, 26.80
1672043946, 0, 164, 4822, 4821, 472, 14.07%, 0, 0, 3, 27.92
1672043951, 0, 164, 4836, 4835, 472, 14.08%, 0, 0, 3, 25.87
1672043957, 0, 164, 4848, 4847, 472, 14.08%, 0, 0, 3, 20.61
1672043962, 0, 164, 4859, 4858, 472, 14.08%, 0, 0, 3, 21.41
1672043967, 0, 164, 4873, 4872, 472, 14.08%, 0, 0, 3, 23.91
1672043972, 0, 164, 4881, 4880, 472, 14.08%, 0, 0, 3, 17.56
1672043977, 0, 164, 4892, 4891, 472, 14.08%, 0, 0, 3, 19.76
1672043982, 0, 164, 4904, 4903, 472, 14.08%, 0, 0, 3, 19.70
1672043987, 0, 164, 4914, 4913, 472, 14.08%, 0, 0, 3, 21.17
1672043993, 0, 164, 4927, 4926, 472, 14.08%, 0, 0, 3, 22.11
1672043998, 0, 164, 4938, 4937, 472, 14.08%, 0, 0, 3, 20.63
1672044003, 0, 164, 4951, 4950, 472, 14.08%, 0, 0, 3, 22.27
1672044008, 0, 164, 4954, 4953, 472, 14.08%, 0, 0, 3, 19.27
1672044013, 0, 164, 4955, 4954, 472, 14.08%, 0, 0, 3, 18.72
1672044018, 0, 164, 4958, 4957, 472, 14.08%, 0, 0, 3, 17.75
1672044033, 0, 164, 4959, 4958, 472, 14.08%, 0, 0, 3, 18.74
1672044038, 0, 164, 4960, 4959, 472, 14.08%, 0, 0, 3, 17.57
1672044044, 0, 164, 4961, 4960, 472, 14.08%, 0, 0, 3, 18.28
1672044049, 0, 164, 4962, 4961, 472, 14.08%, 0, 0, 3, 16.96
1672044054, 0, 164, 4963, 4962, 472, 14.08%, 0, 0, 3, 17.44
1672044059, 0, 164, 4965, 4964, 472, 14.08%, 0, 0, 3, 17.68
1672044064, 0, 164, 4966, 4965, 472, 14.08%, 0, 0, 3, 19.55
1672044069, 0, 164, 4967, 4966, 472, 14.08%, 0, 0, 3, 16.35
1672044074, 0, 164, 4970, 4969, 472, 14.08%, 0, 0, 3, 18.66
1672044079, 0, 164, 4974, 4973, 472, 14.08%, 0, 0, 3, 12.20
1672044084, 0, 164, 4976, 4975, 472, 14.12%, 0, 0, 3, 20.09
1672044090, 0, 164, 4979, 4978, 472, 14.12%, 0, 0, 3, 15.66
1672044095, 0, 164, 4983, 4982, 472, 14.13%, 0, 0, 3, 15.49
1672044100, 0, 164, 4986, 4985, 472, 14.13%, 0, 0, 3, 14.62
1672044109, 0, 175, 4986, 4985, 597, 14.13%, 0, 0, 3, 0.25
1672048871, 0, 205, 4986, 4984, 596, 14.13%, 0, 0, 3, 22.84
1672051474, 0, 228, 4986, 4983, 596, 14.13%, 0, 0, 3, 26.42
1672052925, 0, 232, 4986, 4982, 596, 14.13%, 0, 1, 3, 31.04
1672053170, 0, 233, 4986, 4981, 595, 14.13%, 0, 1, 3, 23.22
1672053272, 0, 233, 4987, 4982, 595, 14.13%, 0, 1, 3, 21.46
1672053598, 0, 233, 4996, 4990, 594, 14.13%, 0, 1, 3, 21.73
1672053603, 0, 233, 5007, 5001, 594, 14.13%, 0, 1, 3, 19.67
1672053609, 0, 233, 5017, 5011, 594, 14.13%, 0, 1, 3, 18.88
1672053614, 0, 233, 5028, 5022, 594, 14.13%, 0, 1, 3, 19.89
1672053619, 0, 233, 5037, 5031, 594, 14.13%, 0, 1, 3, 16.78
1672053624, 0, 233, 5048, 5042, 594, 14.13%, 0, 1, 3, 19.99
1672053629, 0, 233, 5054, 5048, 594, 14.13%, 0, 1, 3, 18.82
1672053634, 0, 234, 5055, 5049, 595, 14.13%, 0, 1, 3, 22.72
1672053996, 0, 256, 5055, 5048, 594, 14.13%, 0, 1, 3, 24.50
1672054632, 0, 270, 5055, 5047, 594, 14.13%, 0, 1, 3, 26.79
